          bspline0: [3.016522459629932e-22,0.1666665404792989]    (2.7755575615628914E-17)
          bspline1: [0.1666666609334656,0.6666663999999859]    (1.6653345369377348E-16)
          bspline2: [0.1666666595207152,0.6666663999999851]    (1.1102230246251565E-16)
          bspline3: [-0.1666665390665493,-2.811534083837196e-22]    (2.7755575615628914E-17)

          doppler: [-136.0556720436692,-0.03495091992951391]    (7.105427357601002E-14)
          doppler2: [-227.0675316028728,-0.02365907536016409]    (1.1368683772161603E-13)
          doppler3: [-82.45727166504888,-0.5141144450781272]    (4.263256414560601E-14)

          jetEngine: [-1778.572314073148,4809.339509539625]    (4.547473508864641E-12)
          rigidBody1: [-693.0980449078490,687.4198314598049]    (2.2737367544323206E-13)
          rigidBody1_2: [-2638.451636347363,2756.816301997386]    (9.094947017729282E-13)
          rigidBody1_3: [-1142.038583258746,622.6370473435335]    (4.547473508864641E-13)
          rigidBody2: [-53914.95897764155,57835.66271360889]    (2.1827872842550278E-11)
          rigidBody2_2: [-564937.4996816926,471323.6113501612]    (2.3283064365386963E-10)
          rigidBody2_3: [-100418.7322517922,221185.3529955959]    (8.731149137020111E-11)

                    cos: [-1.425532517660864,0.9999999999999941]    (1.5543122344752192E-15)
          cos2: [-0.4920575622228202,216.8563439361969]    (1.7053025658242404E-13)
          cos3: [-59.62687322193541,0.9618440785087154]    (3.552713678800501E-14)
          cosh6: [1.000000000000040,5.215020510086066]    (1.7763568394002505E-15)
          exOverCosx: [0.6786651176339717,2.986100724817679]    (1.3322676295501878E-15)
          sin: [-0.9756807032849710,0.9579886390597153]    (2.220446049250313E-16)
          sin2: [-0.7796391511083967,1.000009916527744]    (1.1102230246251565E-15)
          sin3: [0.1053730907077877,3.589088717014549]    (5.773159728050814E-15)
          sinh7: [-0.4653298002731128,5.136316766769693]    (2.6645352591003757E-15)
          sqrt: [1.168748495960413,2.068836443423501]    (8.881784197001252E-16)
          sqrt3: [0.2669926110387539,4.520059737484441]    (8.271161533457416E-15)
          tan5: [-2.527343255806877,2.527356134563472]    (8.881784197001252E-16)

                    beales: [13.11833645149913,31629066.12856068]    (4.470348358154297E-8)
          beales2: [14.01916781064652,185495053.2162193]    (2.384185791015625E-7)
          beales3: [0.2860857182376199,64239542.37063869]    (8.940696716308594E-8)
          booths: [180.1158417843523,679.1975462951999]    (3.410605131648481E-13)
          booths2: [0.0003442945751460915,1826.126764300354]    (6.821210263296962E-13)
          booths3: [1.802273718141507,784.8745892544846]    (3.410605131648481E-13)
          camel: [8.493308609645456e-05,2047.524374981617]    (2.2737367544323206E-12)
          camel2: [6.728205373144213e-05,1163600.441136090]    (9.313225746154785E-10)
          camel3: [1.335997722024297e-05,143776.6793834211]    (1.4551915228366852E-10)
          goldstein: [1215.987918907554,351618.8163690719]    (4.0745362639427185E-10)
          matyas: [9.173973378642248,36.33989801853660]    (1.4210854715202004E-14)
          matyas2: [1.178824621943839,176.6983532634135]    (5.6843418860808015E-14)
          matyas3: [1.502261526737385e-06,70.06356062864200]    (2.8421709430404007E-14)
          motzkin: [36.21337199193115,486842455.6749934]    (2.384185791015625E-7)
          motzkin3: [-31.98118558979185,180335165.7024984]    (1.1920928955078125E-7)


