Ranges (XFloat, no optimization, first version)

motzkin:    [-323297686.6456049, 506050107.5054258]   - (8.215377152686824e-07)(abs) 
rigidBody1: [-705.0000000000006, 705.0000000000006]   - (5.578870698741412e-13)(abs) 
rigidBody2: [-57390.00000000007, 58740.00000000007]   - (6.565081811515938e-11)(abs)
matyas:     [5.939999999999974, 36.36000000000003]    - (2.681854738284529e-14)(abs)
camel:      [-0.001017252609436912, 3032.291666666672]- (5.199776097100683e-12)(abs)
bspline2:   [-0.02083333333333447, 0.9166666666666676]- (1.136951643378319e-15)(abs)
bspline0:   [-0.06250000000000024, 0.1666666666666669]- (2.405483220021173e-16)(abs)
bspline1:   [-0.08333333333333451, 0.9791666666666676]- (1.184245516230026e-15)(abs)
bspline3:   [-0.06250000000000012, 0.1666666666666668]- (1.295260195396016e-16)(abs)
booths:     [122.9999999999992, 680.0000000000008]    - (8.153477892847152e-13)(abs)
beales:     [-26.12983848184986, 31836658.23622909]   - (9.191321009005603e-08)(abs)
goldstein:  [2.089897254533555, 3081984.453125013]    - (1.275404180265496e-08)(abs)
jetEngine:  [-2236030.800665697, 2243586.057692324]   - (1.657322831762064e-08)(abs)
doppler:    [-282.4762120545645, 133.5391308606491]   - (1.958494969932472e-12)(abs)
